Headline,BodyID,Agree,Disagree,Discuss,Unrelated
Ferguson riots: Pregnant woman loses eye after cops fire BEAN BAG round through car window,2008,0.978673,0.00832099,0.0130059
Crazy Conservatives Are Sure a Gitmo Detainee Killed James Foley,1550,0.00181902,0.000272841,0.997908
A Russian Guy Says His Justin Bieber Ringtone Saved Him From A Bear Attack,2,0.977363,0.0175549,0.00508259
"Zombie Cat: Buried Kitty Believed Dead, Meows Back to Life",1793,0.101705,0.0427004,0.855594
Argentina's President Adopts Boy to End Werewolf Curse,37,0.735058,0.213093,0.0518496
Next-generation Apple iPhones' features leaked,2353,0.0082854,0.00393012,0.987785
Saudi national airline may introduce gender segregation on its flights,192,0.812149,0.146799,0.0410527
'Zombie Cat' Claws Way Out Of Grave And Into Our Hearts,2482,0.386339,0.489521,0.124139
"ISIS might be harvesting organs, Iraq tells UN",250,0.0257752,0.00601389,0.968211
Woman has surgery to get third breast: The three most statistically unlikely pairs of boobs,85,0.173379,0.285041,0.54158
EXCLUSIVE: Apple To Unveil The Long-Awaited Retina MacBook Air At Its “Spring Forward” Event,1964,1.72771e-08,2.27342e-11,1.0
50 foot crab : Is this a Crabzilla spotted in the UK?,2279,0.0279746,0.00803997,0.963985
Found! Missing Afghan Soldiers Spotted Trying to Enter Canada,2312,0.887817,0.0883943,0.0237887
Obama Orders Fed To Adopt Euro Currency,2289,0.27467,0.0266471,0.698683
Report: Three missing Afghan soldiers caught at Canadian border,1754,0.000155332,1.67639e-06,0.999843
3-Boobed Woman a Fake,1618,7.17598e-05,8.08778e-06,0.99992
"Fowler Falls For Fake Website, Makes Crazy Claims About Tennis Star",2173,0.349433,0.197584,0.452983
Hugh Hefner Dead? Fans Panic That Playboy Founder Is Gone,2320,0.595697,0.140824,0.263479
"Hong Kong's protesters are using the ""hands up, don't shoot"" gesture from Ferguson",2183,0.839355,0.124439,0.0362066
TV show tricks chronic catcallers into harassing their own mothers,486,0.803051,0.0860077,0.110942
"ISIS might be harvesting organs, Iraqi ambassador tells UN, amid reports of more hostages being burned alive",930,0.92829,0.0476886,0.024021
Texas Boy Suspended For 'Threatening' Classmate With The One Ring,2316,0.702102,0.220987,0.0769113
Woman stung by scorpion on Alaska Airlines flight,1452,0.0657051,0.013111,0.921184
"Disgusting! Joan Rivers Doc Gwen Korovin’s Sick Selfie EXPOSED — Last Photo Of Comic Icon, When She Was Under Anesthesia, At Center Of Medical Investigation",1636,0.424538,0.0969356,0.478527
Mystery of 50ft giant crab caught on camera in Kent harbour,2245,0.936345,0.0517522,0.0119032
"Everything You Need To Know About Path, The Struggling Social Network In Apple's Sights",1655,2.29338e-05,9.60069e-07,0.999976
Fate of Isis leader remains unclear after US airstrike in Iraq,1980,0.203876,0.0362603,0.759864
IS executioner 'Jihadi John' injured in air strike: reports,351,0.289566,0.0739954,0.636439
Saudi Arabia's national airline planning to introduce gender segregation on flights,192,0.79475,0.156389,0.0488611
Argentine President Takes On Godson — But Not To Keep Werewolf At Bay,914,0.977993,0.0174324,0.00457421
Report: Islamic State Attempting to Sell James Foley’s Body for $1 Million,1527,0.0378831,0.0113795,0.950737
Police officer in Charlie Hebdo investigation 'shot himself dead hours after the attack',1124,0.270108,0.0665013,0.66339
Hugh Hefner Dead? Fans Panic That Playboy Founder Is Gone,1431,0.729464,0.0864632,0.184073
Purported Lisa Bonet Twitter Account Suspended After Cryptic Cosby Tweet,785,0.617463,0.0546625,0.327875
Fresh agony for James Foley's family as sick ISIS militants 'try to sell them his headless body for $1million',1275,0.962296,0.0174836,0.0202199
Hewlett Packard ‘planning to split into two’,579,0.880602,0.0908161,0.0285823
Sexually frustrated female owl killed male because 'his penis was too SMALL',656,0.900016,0.0560586,0.0439254
Joan Rivers' doctor snapped selfie during throat surgery: report,1639,0.0109494,0.000962752,0.988088
Scorpion stings woman on OSU plane,279,0.766578,0.120003,0.113419
Florida woman claims to have surgically added third breast,328,0.00373386,0.00052237,0.995744
Raven-Symone Did NOT Accuse Bill Cosby Of Molestation Or Rape — It’s A HOAX,1394,0.00783822,0.00079733,0.991364
APPLE WATCH MAY GO ON SALE IN MARCH ACCORDING TO ANALYST,2315,2.24695e-05,4.68208e-06,0.999973
Crazy Conservatives Are Sure a Gitmo Detainee Killed James Foley,990,0.439863,0.222281,0.337857
Saudi Arabian airline to separate genders after men complain about blokes sitting next to their wives,1290,0.736839,0.0702812,0.19288
U.S. airstrikes 'hit ISIS leader': Terror group chief 'critically wounded' in Iraq after coalition forces bomb jihadi leaders,927,0.330604,0.240261,0.429135
Report: Apple Rethinking Beats Music Brand,528,0.000430856,5.01944e-06,0.999564
‘I will have justice for what they did to me’: Pregnant St. Louis woman loses eye after police fire non-lethal round at car during Ferguson protest (VIDEO),1396,0.730102,0.217689,0.0522081
Tesla chooses Nevada for battery factory: Sources,1118,0.00858533,0.00362834,0.987786
Islamic State releases video showing beheading of US hostage Steven Sotloff,926,0.135036,0.0252975,0.839666
China Penis Amputation: Cruel Aunt Viciously Mutilates Toddler's Genitals as Punishment,1160,0.89824,0.085956,0.0158041
Isis air strikes: Abu Bakr al-Baghdadi 'critically wounded' in air strikes near Mosul,2027,0.00969533,0.00495195,0.985353
Breast Chancer,1607,0.683274,0.209759,0.106967
Email to Tim Cook prompted change of Apple's 'on hold' music quality,172,0.0361309,0.00905054,0.954819
Joan Rivers’ doctor snapped a selfie before biopsy surgery,2482,0.74625,0.0339576,0.219792
"Saudi airline, Saudia, to ban gender-mixing",1765,0.913953,0.0630047,0.0230422
Joan Rivers' Doctor Took a Selfie While She Was Under Anesthesia (Report),2357,0.00119721,0.000594557,0.998208
"Oil spikes on U.S. inventory data, Saudi explosion rumor",1937,0.992122,0.00675257,0.00112559
"Report: Tesla will build its Gigafactory in Nevada, not Texas",1766,0.0338399,0.0109929,0.955167
"Three-breasted Florida woman Jasmine Tridevil insists third boob is real, but police report shows she once lost 'prosthesis'",290,0.645708,0.249489,0.104803
U.S. Officials Threatened James Foley’s Parents With Prosecution Over Ransom,967,0.0925428,0.0161398,0.891317
"Wife chops off cheating husband’s penis, twice",1763,0.0745452,0.0464617,0.878993
President Sisi's Gift,3,0.949673,0.0312245,0.019103
Is this a Crabzilla spotted in the UK? Monster crab measures about 50 feet,893,0.295298,0.253784,0.450918
'Throat specialist to the stars' allegedly involved in fatal Joan Rivers procedure denies taking selfie with star as she releases statement saying she will not comment on tragic incident,1765,0.920603,0.0581696,0.0212276
"Everything You Need To Know About Path, The Struggling Social Network In Apple's Sights",1512,0.963116,0.0263525,0.0105311
"New Twist: Charlie Hebdo Police Investigator Turns Up Dead, ‘Suicided’",1394,0.00682379,0.000679386,0.992497
Steven Sotloff beheading: Latest updates as ISIS release gruesome video of US journalist's murder,2289,0.0852433,0.00804508,0.906712
Mystery of 50ft giant crab caught on camera yards from British harbour,2323,0.696129,0.0631256,0.240746
Saudi Arabia airline segregation: Saudi airlines to assign seats based on gender,811,0.870115,0.074315,0.0555695
Apple Watch may be available outside US shortly after launch,2294,1.76827e-07,3.85046e-10,1.0
ISIS online video shows beheading of U.S. journalist Steven Sotloff,2289,0.00447675,0.000176945,0.995346
These Men Weren't Really Tricked Into Sexually Harassing Their Moms,1763,0.118035,0.0663548,0.81561
Argentina's President Adopts Jewish Boy to Keep Him from Turning into a Werewolf,2383,0.874687,0.109954,0.0153593
Female Kurdish ‘poster girl’ fighter feared killed,100,0.301217,0.0979087,0.600874
"Justin Bieber ringtone scares bear, saves Russian fisherman",2493,0.950793,0.0423409,0.00686619
ISIS Reportedly Beheaded The 'Poster Child' For Kurdish Female Fighters,960,2.89173e-07,1.52836e-08,1.0
Woman Faces Jail Time After Slicing Off 3-Year-Old Nephew's Penis,1257,0.37975,0.0515575,0.568692
IS Beheads Its Own Fighters in Accordance With Their Interpretation of Sharia Law,1609,0.916433,0.0500333,0.0335338
"Joan Rivers Death Preventable? Melissa Rivers Taking Legal Action, News Of Doctor’s Selfie Surfaces",2119,0.0144447,0.00100678,0.984548
ISIS video shows beheading of American journalist Steven Sotloff,2465,0.00297834,5.12349e-05,0.99697
President of Argentina Adopts Boy to Stop Him from Becoming a Werewolf,145,0.00231754,0.000306725,0.997376
Explosive New Details Of Joan Rivers’ Medical Crisis: Doctor Snapped Selfie With Legendary Comic & Performed Unauthorized Biopsy While She Was Under Anesthesia!,2323,0.663549,0.0809524,0.255498
Foley family says was 'threatened' by U.S. official over ransom: ABC,2512,0.00830731,0.00500067,0.986692
Joan Rivers' Doctor Reportedly Took a Selfie Before Her Cardiac Arrest,223,0.553448,0.130292,0.31626
Kid Suspended For Allegedly Threatening Classmate With ‘Hobbit’ Magic,393,0.723445,0.193644,0.0829107
Flight Delayed Due To Rampaging Scorpion,1696,4.87475e-06,7.29269e-08,0.999995
"NHL expansion ahead? No, says Gary Bettman",901,0.928963,0.0535502,0.017487
"Rumor Check: Are Hong Kong Protesters Really Using the ‘Hands Up, Don’t Shoot’ Gesture in Solidarity With Ferguson?",758,0.000105399,3.20288e-05,0.999863
The World's Most Accurate Apple Analyst Says The Apple Watch Is Coming In March,764,0.0017011,0.000720126,0.997579
URGENT: ISIS beheads Kurdish female fighter “Rehana”,1080,0.0151988,0.00181091,0.98299
Justin Bieber Helps Defend Russian Fisherman From Bear,2373,0.9239,0.0622609,0.0138395
Joan Rivers Personal Doctor Allegedly Took A Selfie Before Her Biopsy And Cardiac Arrest,2291,0.869021,0.0236713,0.107308
Florida Woman Has Surgery To Add Third Breast To Her Chest,3,0.936425,0.0387274,0.0248477
Florida woman gets third breast surgically implanted,1128,0.376616,0.0521434,0.571241
ISIS Releases Video Allegedly Showing Beheading of U.S. Journalist Steven Sotloff,1354,1.09265e-09,8.16016e-13,1.0
Justin Bieber ringtone saves man being mauled by bear,1309,0.659802,0.0768441,0.263354
"Source: Joan Rivers' doctor took selfie, began biopsy before her cardiac arrest",2517,0.915276,0.0126906,0.0720335
"Fake or freak? Woman, 21, claims to have paid $20,000 to surgically add third breast in desperate bid to become a reality TV star",1275,0.00844372,0.00432201,0.987234
HP reportedly plans to split PC and printer business from enterprise unit,1111,0.00346,0.00110932,0.995431
HP to split into two businesses -- report,1414,0.00552201,0.000992778,0.993485
Man saved from bear attack - thanks to his Justin Bieber ringtone,766,0.576002,0.358381,0.0656175
This Woman Claims To Have Had Plastic Surgery To Have A Third Breast,1128,0.328541,0.100267,0.571192
"Gwen Korovin, Joan Rivers’s doctor, denies taking selfie",2512,0.813136,0.147637,0.0392265
People Actually Believed Argentina’s President Adopted A Jewish Boy To Stop His Change Into A Werewolf,2382,0.283564,0.225347,0.491089
"Apple Watch to go on sale in March, claims analyst",1626,0.00022773,7.1582e-05,0.999701
"Passenger headed to Dallas rages over ‘Merry Christmas,’ removed from plane",1324,0.1263,0.0627357,0.810964
British Jihadi Killed In US Airstrike - Reports,2099,0.12231,0.0129787,0.864711
"Report: Joan Rivers doctor took selfie, began biopsy, source says",2467,0.212448,0.0939766,0.693575
"KGI: iPhone sales forecast at 73M for Q4 ahead of Apple Watch debut in March, 12"" MacBook Air in Q1",2464,0.000127914,1.01428e-06,0.999871
U.S. Officials Threatened James Foley’s Parents With Prosecution Over Ransom,262,0.932343,0.0358661,0.0317911
"Report: Woman claims she had third breast added, hopes to become a TV star",274,0.0446287,0.0394776,0.915894
Is Kim Jong ill? North Korean dictator in poor health as his weight has ballooned thanks to an obsession with cheese,2259,1.87025e-12,1.09104e-16,1.0
ISIL Has Reportedly Beheaded Journalist Steven Sotloff,2229,2.95914e-06,5.25842e-08,0.999997
South Korean woman's hair 'eaten' by robot vacuum cleaner as she slept,452,0.69247,0.0643971,0.243133
iPhone 6s Rumored to Include 2GB of Faster RAM and 'Force Touch' Technology,914,0.000791356,0.000304285,0.998904
"Source: Joan Rivers' doc did biopsy, selfie",1793,0.0310251,0.00508457,0.96389
This Woman Claims To Have Had Plastic Surgery To Have A Third Breast,2383,0.22721,0.364533,0.408257
Watch Two Guys Appear to Get Tricked Into Catcalling Their Own Moms,2030,0.865946,0.0301035,0.10395
"Report: Toronto, Seattle, Quebec City to join Vegas in 2017 NHL expansion",196,0.881833,0.0278022,0.0903646
Argentina's president 'adopts' godson 'to prevent him becoming a werewolf',1633,0.940841,0.049255,0.00990432
These Men Weren't Really Tricked Into Sexually Harassing Their Moms,492,0.4407,0.416663,0.142637
Joan Rivers' Doctor Took a Selfie While She Was Under Anesthesia (Report),1326,0.000276466,4.71764e-05,0.999676
"Fowler Falls For Fake Website, Makes Crazy Claims About Tennis Star",2527,0.016182,0.00344901,0.980369
Hong Kong riot cops forced to withdraw after democracy protesters copy 'Don't shoot' gesture used by US demonstrators after a police officer shot an unarmed black teenager,1044,0.0890356,0.0333965,0.877568
Saudi Arabia outlaws ‘tempting eyes’,575,0.840675,0.129461,0.0298635
"Boy, 5, given £15.95 invoice for missing friend's birthday party",1639,0.114951,0.0568871,0.828162
American Airlines boots man from plane after ‘Merry Christmas’ prompts meltdown,354,0.644662,0.091331,0.264007
"Woman Gets Third Boob Implanted, Wants to Be ""Unattractive to Men""",290,0.673315,0.243223,0.0834624
Saudi Airlines to Separate Men and Women on Flights,1633,0.95368,0.0374453,0.0088745
‘Three-boobed’ woman: They’re not fake,1617,0.219915,0.634676,0.145409
"ISIS Might Be Harvesting Organs To Finance Operations, Iraqi Envoy Tells UN",2198,0.857466,0.0244884,0.118046
Saudi Arabia's national airline to introduce gender segregation after a string of complaints from male passengers,2140,0.140433,0.0975585,0.762009
"Joan Rivers' Doctor ""Took a Selfie"" During Procedure: CNN",2291,0.795053,0.0527347,0.152212
Indian bride marries wedding guest after husband has epileptic seizure during ceremony,1432,0.993501,0.00402258,0.00247663
Report: Second American Journalist Beheaded by Islamic State Terrorists,2059,0.00907391,0.000701017,0.990225
Saudi Arabia's national airline planning to introduce gender segregation on flights,2222,0.000379004,3.0798e-05,0.99959
"Joan Rivers' doctor denies 'unauthorized procedure,' selfie before cardiac arrest",2057,0.0836817,0.0259893,0.890329
This Campaign Shows A Pretty Genius Way To Stop Men Catcalling In The Street,786,0.811435,0.144861,0.0437047
Crabzilla,778,0.668525,0.200041,0.131435
"Woman Cuts Off Husband's Penis Twice, Then Throws It Out the Window",1023,0.890226,0.0873656,0.0224084
Apple Watches to be kept in safes,967,0.0939465,0.0165606,0.889493
Tesla Said to Select Nevada for Its First Battery Site,1736,0.155736,0.0454233,0.798841
Stolen Member,1765,0.781443,0.137051,0.0815059
Meet the 3-boobed woman,2392,0.896627,0.044661,0.0587123
White House denies threatening families of James Foley and Steven Sotloff over ISIS ransom but adds 'we made the law clear to them',1100,0.278841,0.0563717,0.664787
Lunch theft prompts ransom note from sandwich thief,422,0.0582388,0.0209338,0.920827
"Twitter messages attributed to Lisa Bonet was hoax, manager says",2216,0.450408,0.410553,0.139039
Is Jasmine Tridevil's Triple Breasted Tale An Internet Hoax?,1204,0.0270588,0.0179157,0.955025
China Penis Amputation: Cruel Aunt Viciously Mutilates Toddler's Genitals as Punishment,1324,0.122123,0.0599757,0.817901
Apple Reportedly Planning to Shut Down Beats Music,1275,0.00078564,0.000236775,0.998978
Report: Second American Journalist Beheaded by Islamic State Terrorists,1676,0.0115276,0.000597595,0.987875
Video purportedly shows beheading of U.S. hostage Steven J. Sotloff,1387,0.00057156,3.06894e-05,0.999398
Government threatened Foleys with criminal charges over ransom,746,0.889863,0.0782022,0.031935
Report: Apple May Buy Social Network Path,1655,4.8511e-06,5.11797e-08,0.999995
Argentina's president 'adopts' godson 'to prevent him becoming a werewolf',3,0.941499,0.0384449,0.0200562
Is 'hands up' in Hong Kong really the same as in Ferguson?,1947,0.0448046,0.0125843,0.942611
Jasmine Tridevil Has Surgery 'To Add Third Breast' Total Recall Style,2026,0.58856,0.11575,0.29569
Jilted wife 'chopped off husband's penis TWICE with scissors after catching him cheating',1779,3.44268e-05,9.28854e-07,0.999965
Meet the 3-boobed woman,1241,0.98424,0.0115415,0.00421844
Lenovo tipped to make a bid for BlackBerry this week,838,0.950338,0.0221641,0.0274984
Florida woman gets third breast to become 'unattractive' 32,1399,0.050645,0.0204506,0.928904
Saudi national airline may introduce gender segregation on its flights,2279,0.0309237,0.00932999,0.959746
Joan Rivers’s Personal Doctor Denies Taking Operating-Room Selfie,338,0.329948,0.517831,0.152221
Wife chopped her husband's penis off after she discovered he had cheated on her… then cut it off AGAIN after surgeons managed to reattach it in China,1526,0.918947,0.00939485,0.0716577
Rumor: ‘new’ 4-inch iPhone on the way,177,0.211996,0.112952,0.675053
Angry Aunt Who Sliced Off Three-Year-Old Nephew’s Penis Facing Five Years In Jail,1581,0.033918,0.025038,0.941044
"'Sílbale your mother', the mockumentary to stop street harassment in Peru [Google Translate]",823,0.714193,0.210917,0.0748906
Son of North Korean aide linked to Kim Jong-un's executed uncle is 'on the run' in France amid fears he will be killed by regime,2136,0.0142537,0.00236684,0.98338
ISIS ‘organ harvesting’ must be probed by Security Council – Iraqi envoy,1759,0.958709,0.0281055,0.0131851
Steven Sotloff 'beheading': Islamic State fighters release video claiming to show death of second US journalist,1391,3.20476e-12,1.22036e-16,1.0
"Rehana, Poster Girl for Kurdish Peshmerga, Alive and 'Fighting Fiercely,' After ISIS' Claims of Beheading Her",535,0.0859817,0.0760236,0.837995
"Passenger headed to Dallas rages over ‘Merry Christmas,’ removed from plane",1246,0.938411,0.0504852,0.0111041
"ISIS leader Abu Bakr al-Baghdadi wounded in airstrike, Iraq officials say",2027,0.629566,0.280825,0.0896081
"Woman pays $20,000 for third breast to make herself LESS attractive to men",1960,0.240423,0.313063,0.446514
Transgender Teen Leelah Alcorn Blames Christian Parents In Tumblr Suicide Note,21,0.402548,0.163393,0.434059
Hewlett-Packard will reportedly split into two companies,1387,0.000518216,3.12407e-05,0.999451
Apple installing safes in-store to protect gold Watch Edition,1,6.79043e-05,5.61535e-06,0.999926
Hewlett Packard ‘planning to split into two’,1126,0.25382,0.130464,0.615715
'The Cosby Show' Star Raven Symone Joins Long List of Women Accusing Bill Cosby of Rape,814,0.164554,0.234814,0.600631
Joan Rivers’ doctor took a selfie while she was out cold before doing ‘an unauthorised biopsy’,1310,0.347656,0.512333,0.140011
Saudi Arabia's national airline plans to keep men and women apart,319,0.585736,0.215755,0.198509
Report: Woman who claimed to have third breast added is fake,2038,0.000264051,1.22571e-05,0.999724
Iraqi Official Accuses ISIS Of Harvesting Organs To Finance Operations,250,0.028005,0.0071261,0.964869
"Brain Surgery Recovery: Teenage Girl Wakes Up During Procedure, Talks About Cats",898,0.0245277,0.00252022,0.972952
Scorpion stings woman on OSU plane,2050,0.220137,0.0392406,0.740622
AUNT CUTS OFF 3-YEAR-OLD’S PENIS BECAUSE HE WALKED IN WHILE SHE WAS ON THE TOILET,1941,0.969948,0.0239508,0.00610106
"Condition of Abu Bakr al-Baghdadi, Islamic State leader, in doubt after airstrike",2027,0.464222,0.24016,0.295617
"Steven Sotloff, American Journalist, Allegedly Beheaded By ISIS",1596,0.0590324,0.0247324,0.916235
Story of ‘gutsy bravehearts’ who ‘repelled’ Boko Haram attack is a hoax,1915,0.775625,0.177954,0.0464208
Source: Missing Afghan soldiers at Canadian border,2396,0.000938048,8.15759e-05,0.99898
CNN: Doctor Took Mid-Surgery Selfie with Unconscious Joan Rivers,301,0.575,0.115045,0.309955
James Foley’s Family Claims Government Threatened Them Over Ransom Payments,1856,0.832473,0.110518,0.0570084
Foley family says was 'threatened' by U.S. official over ransom: ABC,1373,0.00071611,4.26774e-05,0.999241
Stolen Member,2183,0.757705,0.170849,0.0714454
Jasmine Tridevil Has Surgery 'To Add Third Breast' Total Recall Style,3,0.577579,0.14359,0.278832
Argentina’s President Adopted A Jewish Godson To Stop Him From Turning Into A Werewolf,202,0.949115,0.0391414,0.0117438
ISIS executioner 'Jihadi John' allegedly wounded by U.S.-led air strike: report,1779,8.55642e-06,5.97045e-08,0.999991
Israeli politicians praise Sisi plan to give Palestinians land for a state in Sinai,1316,0.00865425,0.000969262,0.990376
Sexually frustrated female owl killed male because 'his penis was too SMALL',2482,0.936454,0.0517729,0.011773
The Story of the 3-Boobed Lady Is As Fake As Her Third Boob,1706,0.270067,0.485119,0.244814
Bear attack foiled by Justin Bieber’s music: A story too good to check,923,0.862335,0.111849,0.0258162
"Source: Joan Rivers' doc did biopsy, selfie",2320,0.348261,0.116179,0.53556
The World's Most Accurate Apple Analyst Says The Apple Watch Is Coming In March,1798,0.00022738,2.55938e-06,0.99977
Justin Bieber ringtone saves Russian fisherman from bear attack,2270,0.866383,0.0386466,0.0949701
'Dear Sandwich Thief': Man's hilarious response to passive-aggressive sign posted on his office's fridge door sparks incredible kitchen note war,422,0.649554,0.105472,0.244974
El-Sisi denies claims he'll give Sinai land to Palestinians,2100,0.431645,0.484847,0.0835076
Steven Sotloff: Islamic State 'kills US hostage',259,0.0469362,0.0182224,0.934841
Adopting Potential Werewolves Is Routine Business for Argentine Presidents,1345,0.424187,0.39258,0.183232
Justin Bieber ringtone saves Russian man from bear attack,680,0.0571946,0.0209125,0.921893
"'Rehana is alive and well... ISIS fanatics have NOT beheaded her': Poster girl for Kurdish freedom fighters escaped Kobane hellhole, friends tell MailOnline",960,0.958135,0.0347549,0.00711051
Reports: Selfie-Taking Doc's Unauthorized Biopsy May Have Killed Joan Rivers,1653,0.221132,0.0930175,0.685851
China Penis Amputation: Cruel Aunt Viciously Mutilates Toddler's Genitals as Punishment,113,0.0489362,0.0107504,0.940313
"“Hands up, don’t shoot” comes to Hong Kong’s pro-democracy movement",2390,0.624802,0.30619,0.0690082
URGENT: ISIS beheads Kurdish female fighter “Rehana”,1499,5.45409e-05,4.97094e-06,0.99994
Argentina’s president adopts Jewish godson to counteract werewolf legend,1773,0.0057753,0.00157188,0.992653
British teenager Ibrahim Kamara 'Killed In US Airstrikes In Syria',2300,0.436341,0.0770774,0.486582
"Crabzilla: Photo Appears To Show Giant, 50-Foot Crab Lurking In British Waters",338,0.300778,0.259262,0.439961
Report: Woman who claimed to have third breast added is fake,1770,0.246365,0.11314,0.640495
Jasmine Tridevil: Woman with three breast denies surgery hoax claims,103,0.552817,0.185154,0.262029
Video purportedly shows beheading of U.S. hostage Steven J. Sotloff,1712,3.11164e-06,3.22702e-08,0.999997
Doc calls macabre 'selfie' claims completely crazy,2368,0.0185544,0.00450241,0.976943
"Sorry, Argentina's President Didn't Actually Adopt a Jewish Werewolf",2522,0.481738,0.406192,0.11207
Joan Rivers’ Doctor Snapped Selfie During Throat Procedure (Report),2057,0.0533769,0.00842073,0.938202
CNBC: Tesla chooses Nevada for new battery factory plant,1766,0.409733,0.441421,0.148846
Journalist Steven Sotloff reportedly executed by ISIS,2059,1.35312e-06,1.66668e-08,0.999999
"Report: Woman claims she had third breast added, hopes to become a TV star",1770,0.0549595,0.0248729,0.920168
Saudi Women May Have to Cover Up Sexy Eyes,2301,0.23729,0.235705,0.527005
"Disgusting! Joan Rivers Doc Gwen Korovin’s Sick Selfie EXPOSED — Last Photo Of Comic Icon, When She Was Under Anesthesia, At Center Of Medical Investigation",215,0.85647,0.0523793,0.0911502
British teenager Ibrahim Kamara 'Killed In US Airstrikes In Syria',711,0.483967,0.0892628,0.42677
Teenager wakes up while undergoing BRAIN SURGERY in Poland... and asks the surgeons how the operation is going,453,0.819971,0.145003,0.0350261
Pregnant Ferguson woman loses her EYE after police shoot her car with bean bag during violent protests,201,0.139162,0.0525908,0.808247
When Street Harassers Realize The Women They're Catcalling Are Their Moms In Disguise,2029,0.344767,0.339887,0.315346
Is this Crabzilla? 'Giant crab' measuring 50ft spotted off British coast,2380,0.318736,0.291193,0.390071
Islamic State video reportedly shows beheading of Steven Sotloff,1687,5.10908e-08,1.42527e-10,1.0
"Steven Sotloff, American Journalist, Allegedly Beheaded By ISIS",2063,0.0543338,0.0102733,0.935393
MICROSOFT 'IN SERIOUS DISCUSSIONS' TO PURCHASE MINECRAFT DEV MOJANG,315,0.327947,0.0497521,0.6223
"Report: Toronto, Seattle, Quebec City to join Vegas in 2017 NHL expansion",2428,0.851237,0.0195019,0.129261
This Campaign Shows A Pretty Genius Way To Stop Men Catcalling In The Street,1092,0.865346,0.105024,0.02963
"Joan Rivers: Doctor Took Selfie With Unconscious Comedian, Performed Biopsy Without Consent -- Details",2323,0.677197,0.0761555,0.246647
Explosive New Details Of Joan Rivers’ Medical Crisis: Doctor Snapped Selfie With Legendary Comic & Performed Unauthorized Biopsy While She Was Under Anesthesia!,2500,0.151133,0.0261482,0.822719
Argentina's President Cristina Kirchner Adopts Jewish Godson To Prevent Him Turning Into A Werewolf,2131,0.83921,0.140134,0.0206559
Report: Hewlett-Packard plans to break into 2 companies,1838,0.00109189,7.3683e-05,0.998834
Hewlett-Packard Announces Plans To Break Up Company,279,0.705259,0.156158,0.138584
Argentinian President Cristina Kirchner adopts Jewish boy to protect him from werewolf stigma,1246,0.985369,0.0119378,0.00269323
Microsoft Near Deal to Buy Minecraft Maker Mojang,1872,0.466343,0.075994,0.457663
Afghan Soldiers Found at Canadian Border,1856,0.964558,0.0244094,0.0110323
ISIS Is Reportedly Trying To Sell James Foley's Remains For $1 Million,336,5.94503e-06,2.65968e-08,0.999994
No joke: 5-year-old billed for missing friend’s birthday party,751,0.918879,0.0643139,0.0168072
‘Crabzilla’ spotted off the coast of Britain,893,0.807742,0.15395,0.0383076
Joan Rivers’ Doctor Snapped Selfie During Throat Procedure (Report),2512,0.259978,0.150075,0.589947
Report: Apple Plans to Phase Out Beats Music Brand,249,0.000181049,1.84396e-05,0.999801
PICTURES: Shocking Pictures Comparing US School Lunches to Other Countries Goes Viral,326,0.483897,0.0867473,0.429356
Florida woman gets third breast surgically implanted,1204,0.877226,0.0509649,0.0718091
ISIS terror chief 'believed dead': Iraqi military confirm warlord WAS injured in US-led airstrike as speculation grows feared jihadist perished in attack,2430,0.852828,0.048958,0.098214
Enraged spouse chops off unfaithful husband's manhood – TWICE,1763,0.0580768,0.0348859,0.907037
"Hong Kong protesters mimic Ferguson’s ‘hands up, don’t shoot’",1525,0.480766,0.21148,0.307754
Three Afghan soldiers found at Canada border after leaving Cape Cod base,1348,0.5857,0.341088,0.0732111
Jihadist Brit teen killed in US air strikes,353,0.0332432,0.00567698,0.96108
Hackers: Sony ‘Very Wise’ to Pull Film,836,0.0351603,0.00835844,0.956481
"Joan Rivers' Doctor ""Took a Selfie"" During Procedure: CNN",1755,0.139831,0.0700819,0.790088
There's A Weird Story Going Around About How Argentina's President Just Saved A Jewish Man From Becoming A Werewolf,1850,0.82731,0.143813,0.0288762
Report: Apple Is Shutting Down Beats Music,1275,0.00376298,0.00137943,0.994858
"Hungry Florida cat defies death, digs its way out of grave to return home (VIDEO)",177,0.509443,0.155239,0.335318
People Actually Believed Argentina’s President Adopted A Jewish Boy To Stop His Change Into A Werewolf,202,0.954218,0.0344868,0.0112948
"NHL expansion rumors: This time, Las Vegas is about to get a team",901,0.920791,0.0611817,0.0180275
Apple Watch Edition: special safes to be installed in Apple Stores to house luxury smart watch,1381,0.0261814,0.00197105,0.971848
"3 Afghan Soldiers Missing From U.S. Base Apprehended at Canadian Border, Reports Say",1505,0.0577703,0.0174271,0.924803
"KGI: iPhone sales forecast at 73M for Q4 ahead of Apple Watch debut in March, 12"" MacBook Air in Q1",1229,4.78535e-07,8.90079e-10,1.0
James Foley beheading: ISIS militants 'trying to sell murdered hostage's body to his parents for $1m',2383,0.183488,0.0765963,0.739916
Reports: Selfie-Taking Doc's Unauthorized Biopsy May Have Killed Joan Rivers,1096,0.533646,0.0233214,0.443033
Next-generation Apple iPhones' features leaked,1464,0.00422838,0.000560229,0.995211
Argentina’s president adopts Jewish boy to save him from life as a werewolf,697,0.887328,0.0892169,0.0234549
Joan Rivers Personal Doctor Allegedly Took A Selfie Before Her Biopsy And Cardiac Arrest,2040,0.253757,0.0439748,0.702268
"Iga Jasica brain surgery: Teen wakes up mid-procedure on table, chats about cat",960,0.947356,0.0438492,0.0087949
IS Beheads Its Own Fighters in Accordance With Their Interpretation of Sharia Law,1345,0.447713,0.37865,0.173636
Airline passenger freaks out over crew's 'Merry Christmas' greeting,69,0.475314,0.0621948,0.462491
Wednesday Apple Rumors: Apple May Be Ready to Buy Path,2315,0.0109085,0.00447412,0.984617
How a Reddit user convinced Tim Cook to change Apple’s on-hold music,1980,0.408778,0.0842906,0.506932
Source: Missing Afghan soldiers at Canadian border,1402,0.886989,0.0567929,0.0562178
Crabzilla! Satellite Picture Reveals Giant Crustacean Lurking Off The Coast Of Whitstable,2282,0.698201,0.246841,0.0549579
Michelle Obama: The First Woman?,222,0.945449,0.0332061,0.021345
James Foley’s Family Claims Government Threatened Them Over Ransom Payments,360,0.80315,0.155777,0.0410732
Islamic State puts James Foley’s body up for sale for $1M,223,0.843739,0.114019,0.0422418
Fresh agony for James Foley's family as sick ISIS militants 'try to sell them his headless body for $1million',1845,0.00770524,0.00263033,0.989664
"Apple Watch Takes Two Hours to Charge, Only Delivers Notifications While on the Wrist",1443,0.174363,0.0415027,0.784134
NEWS/ Viral Video: What Happens When You Accidentally Catcall Your Mom,486,0.823218,0.113242,0.0635404
Fisherman Saved from Deadly Bear Attack by His Justin Bieber Ringtone,2073,0.951988,0.0381567,0.00985548
"Source: Joan Rivers' doctor took selfie, began biopsy before her cardiac arrest",865,0.71916,0.0137604,0.267079
Saudi Arabia's national airline to introduce gender segregation after a string of complaints from male passengers,1962,0.870797,0.100051,0.0291522
Jihadist Brit teen killed in US air strikes,2099,0.224783,0.0307529,0.744464
Bear attack foiled by Justin Bieber’s music: A story too good to check,2315,0.888762,0.0889434,0.0222944
Islamic State releases video of beheading of U.S. hostage Steven Sotloff: site intelligence monitoring service,2465,0.035696,0.00139074,0.962913
Jasmine Tridevil: Woman with three breast denies surgery hoax claims,2204,0.105486,0.0604986,0.834015
ISIS Reportedly Executes 2nd American Journalist,1550,6.70387e-11,7.00599e-15,1.0
Woman Who Claimed To Have Surgery To Add Third Breast Exposed As Hoaxer,785,0.583614,0.0736765,0.342709
"Four new NHL expansion teams? Vegas, Seattle, Toronto and Quebec by 2017: Report",2279,0.00125235,5.01482e-05,0.998698
Raven-Symone Did NOT Accuse Bill Cosby Of Molestation Or Rape — It’s A HOAX,1142,0.923919,0.0354086,0.0406721
Argentine President Takes On Godson — But Not To Keep Werewolf At Bay,2198,0.876937,0.0445265,0.0785366
We're Getting More Detail On The Amazing New Camera Apple Is Planning For The Next iPhone,2465,0.094006,0.00870147,0.897293
"Rehana, Poster Girl for Kurdish Peshmerga, Alive and 'Fighting Fiercely,' After ISIS' Claims of Beheading Her",2527,0.00401672,0.00031751,0.995666
Disturbed aunt cuts off nephew’s penis after he burst’s in on her on the toilet.,813,0.891018,0.0855466,0.023435
Report: Doctor took a selfie when Joan Rivers was under anesthesia,929,0.995339,0.00257911,0.0020823
"Satire Website Fools ESPN, Kei Nishikori isn't highest paid tennis star",1953,0.657838,0.273447,0.0687147
Syria: Teenage British Jihadi from Brighton Killed in US Airstrikes,1886,0.00783704,0.00130873,0.990854
"IBM to cut more than 111,000 jobs in largest corporate lay-off ever",1935,0.334304,0.0502886,0.615407
White House denies threatening families of James Foley and Steven Sotloff over ISIS ransom but adds 'we made the law clear to them',2427,0.00147861,0.000217499,0.998304
Apple to keep gold Watch Editions in special in-store safes,361,0.128166,0.0448595,0.826974
Is 'Crabzilla' real or not? Leading marine biologist rules picture of giant crab lurking in shallow waters must be a HOAX,990,0.347099,0.231566,0.421335
Three Boobs Are Most Likely Two Boobs and a Lie,1450,0.381183,0.0982431,0.520573
Is Jasmine Tridevil's Triple Breasted Tale An Internet Hoax?,2292,0.0256998,0.0191989,0.955101
Justin Bieber scares off GRIZZLY BEAR and saves fisherman from a mauling,2320,0.833333,0.141708,0.0249591
Afghan Mother Kills 25 Taliban Fighters In Seven-Hour Gunbattle After Watching Her Son Slain In Ambush,2491,0.0179762,0.00801999,0.974004
"Man saved from bear attack when his Justin Bieber ringtones goes off, sending bear fleeing",1275,0.900075,0.0545032,0.0454219
Triple-breasted woman pictured before 'operation' and vows surgery footage will prove third boob is no hoax,328,0.125718,0.0537685,0.820513
Joan Rivers Personal Doctor Allegedly Took A Selfie Before Her Biopsy And Cardiac Arrest,2233,0.949526,0.0346386,0.0158356
Joan Rivers’ Doctor Snapped Selfie During Throat Procedure (Report),865,0.356472,0.048201,0.595327
Oil market shrugs off Saudi pipeline blast,1163,0.918251,0.0657097,0.0160391
"Transgender teenager, 17, leaves heartbreaking suicide note blaming her Christian parents before walking in front of tractor trailer on highway",2140,0.11531,0.0820505,0.80264
HP confirms plan to split company,1953,0.646933,0.269395,0.0836712
"Here's What You Can Do On Path, The Social Network That Apple May Be About To Acquire",1558,0.000163517,1.07393e-05,0.999826
Crude Sees a Bid on Reports of Saudi Arabia Pipeline Explosion,1762,0.834421,0.12594,0.0396392
ISIL Has Reportedly Beheaded Journalist Steven Sotloff,1039,8.31573e-06,3.06438e-07,0.999991
Three Boobs Are Most Likely Two Boobs and a Lie,661,0.300369,0.189233,0.510397
Sexually frustrated female owl killed male because 'his penis was too SMALL',2465,0.118329,0.00993707,0.871734
"Switzerland’s Assassination, Kim Jong Un Might Die From Cheese Overdose",2527,1.02009e-09,7.71463e-13,1.0
"Saudi Arabia Airline Segregation: New Islamic Law Takes Flight On Airliner, Seating By Gender Coming Soon",1290,0.780875,0.0520025,0.167123
"Everything You Need To Know About Path, The Struggling Social Network In Apple's Sights",2427,0.00203977,0.000297792,0.997662
"Source: Joan Rivers' doctor took selfie, began biopsy before her cardiac arrest",2427,0.000729496,6.58031e-05,0.999205
Video purportedly shows beheading of U.S. hostage Steven J. Sotloff,485,0.00607158,0.00214674,0.991782
Transgender teen leaves note on Tumblr blaming Christian parents for suicide,806,0.860054,0.112645,0.0273003
Iraqi Army Downs 2 UK Planes Carrying Weapons for ISIL,1250,0.826867,0.0365855,0.136548
Steven Sotloff 'beheading': Islamic State fighters release video claiming to show death of second US journalist,1687,2.18202e-10,1.93924e-13,1.0
EXCLUSIVE: Got him! Jihadi John is 'wounded in US airstrike on secret bunker meeting of ISIS high command',1994,0.239268,0.0341574,0.726575
Joan Rivers’ doctor took selfie during procedure,2291,0.417838,0.188339,0.393823
Rumor Suggests 12-Inch Retina MacBook Air Could Launch During March 9 Apple Watch Event,1779,1.27766e-11,3.88089e-16,1.0
"Apple Reportedly Close to Acquiring 'Path', Looking to Integrate Service Into Messages",1655,3.81298e-09,1.99141e-12,1.0
"A Peruvian TV show is tricking men into catcalling their mothers, for feminism",1992,0.0125591,0.00505533,0.982386
Foley family says was 'threatened' by U.S. official over ransom: ABC,1246,0.00821072,0.00526365,0.986526
Saudi oil explosion now said to be diesel pipeline,1809,0.849209,0.0793131,0.0714777
There's A Weird Story Going Around About How Argentina's President Just Saved A Jewish Man From Becoming A Werewolf,728,0.888431,0.0911006,0.0204685
Joan Rivers' doctor snapped selfie during throat surgery: report,1033,0.0807053,0.0378966,0.881398
Reports: Missing Afghan soldiers found at Canadian border,575,0.875013,0.0772292,0.0477575
U.S.: Video showing Sotloff beheading is authentic,1250,0.817646,0.0167624,0.165592
‘Crabzilla’ a 50-foot colossal conundrum,249,0.799812,0.078626,0.121562
Watch Two Guys Appear to Get Tricked Into Catcalling Their Own Moms,1092,0.793022,0.0660805,0.140898
British terrorist Jihadi John 'injured in airstrike close to Syrian border',2510,0.950757,0.0417565,0.00748648
"“I am lost for words,” 5-year-old boy billed for missing friend’s birthday party",751,0.941177,0.0465485,0.0122746
The US Threatened To Prosecute Families Of The 2 Murdered Americans If They Paid A Ransom To ISIS,216,0.955573,0.0369104,0.00751691
Microsoft nears deal to buy Minecraft maker Mojang : WSJ,28,0.000133505,2.8194e-06,0.999864
Hearing Unconfirmed Reports of Saudi Pipeline Explosion,1243,0.00190928,0.000190139,0.997901
Teen wakes up mid-brain surgery and asks doctors ‘How’s it going?’,1235,0.28807,0.123804,0.588126
Hermaphrodite cat named Mittens to get gender reassignment,3,0.978892,0.0126767,0.00843093
"Could Crabzilla, a 50-foot-long crab be real?",1624,0.196466,0.191866,0.611667
Argentina’s President Adopted A Jewish Godson To Stop Him From Turning Into A Werewolf,2382,0.283076,0.233863,0.48306
Sketchy Rumor Claims Apple Planning New 4-Inch iPhone for 2015,327,0.00293586,0.00179367,0.99527
Argentina’s president adopts Jewish boy to save him from life as a werewolf,2300,0.43911,0.122353,0.438536
Man kicked off flight after Merry Christmas greeting sets him off,141,0.0185661,0.00503755,0.976396
Girl destroys boyfriends penis in acid attack after video of them having sex goes viral,746,0.852244,0.112688,0.0350682
Justin Bieber's 'Baby' Saves Man From Violent Bear Attack,2100,0.377868,0.534876,0.0872556
Girl poured acid on boyfriend’s penis after he released sex tape,1914,0.277539,0.0675215,0.65494
Woman Gets Third Boob to Appear Unattractive to Men,327,0.894679,0.0809837,0.0243369
ISIS Reportedly Executes 2nd American Journalist,1304,1.18054e-07,7.37881e-09,1.0
"No, Saudi Arabia has not banned the ""tempting eyes""",1366,0.881509,0.0803825,0.0381082
REPORT: 'JIHADI JOHN' WHO BEHEADED JAMES FOLEY WOUNDED IN US AIRSTRIKE,1444,0.00234951,0.000320992,0.997329
"Source: Joan Rivers' doc did biopsy, selfie",361,0.649931,0.0425568,0.307512
"Hackers tell Sony wise to cancel film, don't make more trouble -CNN",1209,0.749937,0.194486,0.0555778
Argentina president adopts Jewish godson for first time in country's history,1373,0.255178,0.63506,0.109762
Justin Bieber Basically Saves A Russian Man From A Bear,319,0.53309,0.178807,0.288103
REPORT: Tesla Chooses Nevada For Site Of Its Massive Battery Factory,1037,0.95482,0.0354788,0.00970163
"Joan Rivers: Doctor Took Selfie With Unconscious Comedian, Performed Biopsy Without Consent -- Details",929,0.979328,0.0147163,0.00595584
